63.19105062760912
34.647796694897245
8.766666666666667
8.22
8.686666666666667
8.826666666666666
8.84
9.406666666666666
8.88
11.572126643443992
18.194309348113624
22.701842362580496
26.487405268314873
28.742431072761136
30.72616932356066
32.447582470677254

14.647849925184152
18.05377529372646
3.8432125611087087
3.5336448878205866
3.929547320554047
3.5207292901827008
4.271456327681887
4.412032565497552
4.162235163075849
11.018785195092436
14.143806071994025
15.698891466723813
17.08084707456483
17.531114692043786
17.758768527482825
18.02341884904812
