128.8353986189687
70.59179692884129
5.54
5.766666666666667
5.553333333333334
5.733333333333333
5.993333333333333
5.86
5.966666666666667
5.54
5.406666666666666
5.62
5.553333333333334
5.786666666666667
6.233333333333333
5.6866666666666665
5.933333333333334
25.807436688087936
33.20580020415819
38.401791088360454
42.727732894481996
46.18458577284331
49.52338712572049
52.666870278426124
55.512841041585595
58.17506538003612
60.400072617705916
62.44664506982063
64.18751919360665
65.81482992153478
67.19020966492796
68.41010869511796

17.131145849811876
32.00763986472481
3.587589542141825
2.3739414907953384
2.280216832287815
2.447478804311539
2.5395971326532196
2.8361396790653677
2.7743758250957735
2.3897953651672776
2.598275699809301
2.5933459465986664
2.449214059025194
2.579178349525187
2.5029988648411203
2.469326371543366
2.699031526608707
17.320032671898012
20.802896662596936
22.757823829008515
24.2089496764303
25.371106623747693
26.13166524136875
27.073434804499417
28.126682247705055
28.80762319093373
29.462691426192936
30.01789643518335
30.483759388468812
31.053635205801907
31.352359730011354
31.735770222847755
