178.46656691616502
80.98441868394114
21.753333333333334
22.28
22.273333333333333
21.80666666666667
22.62
22.266666666666666
22.673333333333332
22.04
21.8
22.426666666666666
22.586666666666666
22.913333333333334
21.846666666666668
22.32
22.166666666666668
27.27881363056993
39.79609833985689
47.31234876325433
52.7978410962633
56.91886693213574
60.58972524998959
63.54704471560332
66.28056221788634
68.5127592482559
70.8834331538342
72.46329347420783
73.85825879353997
75.8164855371968
77.32423084912301
78.42461360307173

29.29161383362671
42.42877551421724
6.165543094009513
5.040942386623987
5.973770651369063
5.342673129496843
5.830885226500501
5.890119445842758
6.127113710298162
5.234950640087628
5.724904212559445
6.251693924316111
6.4451516611022015
5.950248606428837
5.671593405483606
6.688067593303626
6.087485006233167
22.953837654353382
30.2730615402517
34.07144712916576
36.59843993555713
38.25015405717289
39.66550527551689
40.39814217962527
40.85088543781264
41.56779156417741
41.794842328485664
42.254897231020394
42.275622663766626
42.211942081576076
42.44724882343169
42.60103243113478
