55.76376038355811
32.21710358569001
5.066666666666666
4.84
4.926666666666667
5.1
5.02
4.98
5.16
11.151187864122495
16.830234478438264
20.870803141159858
24.111300415356112
26.525394719425673
28.618200731900536
30.138265378469843

12.465620578092617
15.533018607734126
2.8315196199920005
2.3490359344201854
2.3852332391328037
2.592178915034755
2.7946009686555273
2.414650188754837
2.704694570872109
9.190248789532959
11.750109399377566
13.038896410870036
14.052552887435056
14.43614919062146
14.88705746915362
15.252996534881708
