148.50920788311274
78.62772630104098
5.493333333333333
5.566666666666666
5.633333333333334
5.62
5.573333333333333
5.566666666666666
5.54
5.413333333333333
5.786666666666667
5.62
5.826666666666667
5.273333333333333
5.653333333333333
5.7
5.98
5.453333333333333
5.88
5.713333333333333
5.493333333333333
5.4
25.992024254934844
33.39742261958894
38.68975119319209
42.76624687541341
46.40194485545198
49.8897866308146
52.834845694642496
55.568335460404796
58.30008361490436
60.81700301607387
63.20145571437917
65.0035045199118
67.10162839484829
68.82679715746745
70.46517628032002
72.09720040658824
73.67492754444565
74.7965067752451
75.86763944277094
76.69435491334555

22.242551308754326
35.919026331970095
3.630288122470216
2.15196542783269
2.470584378518982
2.2783542087390805
2.234392897191288
2.4683579371153797
2.566371045201595
2.4232647478323806
2.534388380966896
2.473704832925735
2.54570641154547
2.474397702414102
2.6496751444838678
2.821918974825198
2.8812087632775083
2.4184340949500593
2.3682588165057394
2.616778570741235
2.5308046621043307
2.525580499737812
18.610501408061808
22.072026501495653
24.31559982194538
25.89261822155202
27.228000809164765
28.57174519475148
29.437244607045226
30.145948801375756
30.91600440549545
31.497777975640243
32.047574314824686
32.5089681052306
32.93248841492242
33.35315433550318
34.05994841742603
34.565993447966655
34.8970067461002
35.25179810516895
35.56900386450175
35.81755260499731
