73.18931735572967
41.75555957855204
2.04
2.1266666666666665
2.36
2.18
2.1866666666666665
2.18
2.12
2.14
2.2333333333333334
2.14
1.9266666666666667
2.0866666666666664
2.1333333333333333
2.2
2.14
11.150551166480193
15.865879212713638
19.222875617077815
21.929973398005636
24.460955087320514
26.63640976155547
28.862853074208644
30.85043276347386
32.68908535198859
34.40033297970199
35.85851748324099
37.25772244653043
38.21100334657735
39.320434264122376
40.13789320014591

15.262643341912804
18.708850833317175
2.1547218315047485
1.4545373569795212
1.4532437194796486
1.4932778173040666
1.4994477998638978
1.7152852966849579
1.5902011262118787
1.453042952897518
1.5303301989529927
1.54659598182335
1.498512220704089
1.6590586645471415
1.5502452912334734
1.6797316429623719
1.7005358381585318
9.643821035781752
11.981482916995118
13.3868600397843
14.203105169476617
14.91967309214964
15.522297905368426
16.1822281195452
16.367834981313536
16.607022154193817
16.881272359116906
17.47268266694204
17.74981418325993
17.947005445849076
18.25453941089625
18.567728328395134
