120.35691123092023
63.23055794747746
21.4
20.68
21.893333333333334
20.813333333333333
20.973333333333333
21.62
21.953333333333333
26.333334734614407
37.96331819503609
44.72478839915932
49.93206597247093
53.80924376139125
57.121848643260996
59.737775494422344

19.79394534840572
32.19949659402132
5.808352918879644
5.96205955340299
5.8561271116666935
6.169348109363387
7.125883526723437
6.434031904690874
6.286274651374176
18.489290349269517
24.873311664680184
27.543325463739027
29.11028553067618
30.557003705472187
31.421435236092517
31.88472873515125
