84.30286942800012
42.700445649565935
4.833333333333333
5.046666666666667
4.78
4.846666666666667
4.846666666666667
4.273333333333333
4.726666666666667
4.866666666666666
4.96
4.753333333333333
4.573333333333333
4.726666666666667
4.793333333333333
4.786666666666667
4.7
11.98526236674636
17.08780187180576
21.273314132585067
24.520505063191553
27.03683019392007
29.54066076383678
31.529385695595618
33.15286289683168
34.70656362670074
36.089391043069035
37.33608089839878
38.320968863950945
39.35743253191382
40.46436911353294
41.101621764054414

18.82027525071855
21.79211486523495
2.801880485061772
2.447466663929529
2.3051301016887797
2.2862104251755815
2.491192662593124
2.424704194531046
2.3710679548971862
2.5501089548773126
2.541287333872404
2.6676428962268344
2.4188988175679653
2.706745742693681
2.716985851967478
2.488301953899358
2.832803585102633
12.680373127888029
15.328261430083517
17.1952650291822
18.57519264256079
19.32142859868022
19.988926955359634
20.525974948689893
20.57385255128145
20.8866799065721
21.211499461232233
21.154362016966605
21.20942102691105
21.465848718948223
21.567042900614783
21.870741273453124
