105.2270507064013
47.20446870368254
8.786666666666667
8.653333333333334
8.68
8.613333333333333
8.653333333333334
8.706666666666667
8.966666666666667
9.046666666666667
8.826666666666666
8.813333333333333
8.673333333333334
8.933333333333334
8.646666666666667
8.573333333333334
8.626666666666667
12.942044945185726
20.27143219195456
25.2337404347859
29.421793535758418
32.97898342645674
35.50139337805129
38.21646857562005
39.733362030241985
41.25855021149807
42.23457026993232
42.78279911894122
43.219789484895315
44.39793086863655
44.69844261271796
45.51452072558415

28.290673236286427
27.756485407886565
4.071175329141997
3.407992778427168
4.020296171581594
3.4966293593662927
3.630777968855751
4.08982686329892
3.7876167154631237
3.9451094299404805
4.106842564629744
3.670707088754993
3.877717643137234
4.106281019171842
4.092171997688932
3.9556596145931864
3.781570087185261
17.736652192464742
21.832906979427595
24.446912462302464
25.83171667576076
26.71606388049562
27.31374778404346
27.436187172898347
27.58787558199976
27.704162860017018
27.87692770315775
27.635917135686327
27.677139789827823
27.571725478175832
27.486307458317
27.824307250427914
