48.25027338674117
29.86223247712137
2.2266666666666666
2.46
2.2933333333333334
2.3533333333333335
2.2066666666666666
2.2733333333333334
2.2266666666666666
10.57260390746332
15.239968773275521
18.945927104376107
21.626016882922013
23.955616312118238
25.942576378798236
27.70827567419314

8.857333384760762
13.477127964461133
1.8463210499500216
1.5558266785931099
1.6168449058515855
1.5777128990509075
1.7088056807405894
1.5730817661112126
1.5473899210042499
7.279809918416495
9.523837927284767
10.626497916458447
11.35129281614642
11.974302850455091
12.528568858195536
13.017477496611809
