92.8834141295845
53.35955852738493
5.593333333333334
5.446666666666666
5.373333333333333
5.56
5.706666666666667
5.533333333333333
5.38
25.290952278220413
32.4546611828413
37.2191627094762
41.412196359360166
45.16750180203583
48.077111383062444
50.50978695559206

11.547350242841674
25.202790924153597
3.1531107508906304
2.4010839844272955
2.398067647188879
2.6956474094318175
2.3663749756603685
2.445284551123829
2.50277619886071
15.696250471735201
18.59896577282888
20.189864903617327
21.54756719078844
22.772289672412157
23.702123865730034
24.606400036249866
