146.20019964369803
74.10306150744941
12.606666666666667
12.646666666666667
12.573333333333334
12.66
12.56
12.76
12.74
11.806666666666667
12.693333333333333
12.606666666666667
12.62
12.413333333333334
12.926666666666666
12.56
12.26
26.448856588292166
35.769290979120704
41.74978242168948
46.640607183593204
50.51423880644618
54.17634514850117
57.26061838748367
59.699641691521975
62.15361102084246
64.29963012365096
65.94204793791886
67.76360992353399
69.3313550079541
70.60688595028907
71.80493478806908

24.077123073057287
36.2607284276779
4.686574971413429
4.0102530659539894
3.966957029479113
4.462668979053033
4.129510277298357
4.214399138850728
4.2840590738612025
4.186705144821595
4.329872693156967
4.376984597520083
4.601209349467853
4.409830735928159
4.432673031521917
4.717956978933038
4.1345808955174155
19.694404921093245
24.621446587534024
27.142186109212062
29.170329128634506
30.46910577817985
31.719225731947912
32.65016556244613
33.18187259688357
33.85984346822448
34.36552300091099
34.947914598660546
35.065138586059966
35.43653924248765
35.84252473598129
36.18876765395033
