104.39683214146416
57.136043463178645
12.673333333333334
12.873333333333333
12.506666666666666
11.906666666666666
12.28
11.946666666666667
12.126666666666667
25.62484432100913
35.13407278373526
40.942860373952364
45.42886073422938
48.92960269525643
51.89662035241452
54.03081870357183

16.312183528725345
28.071208379325018
4.268651197002391
3.612817150217549
4.25886031096155
4.72380180786735
4.166464311120283
3.9806012481246635
4.6432736366307585
16.920868537871137
21.549288835230858
23.743701838377735
24.97904645097475
25.901320590255256
26.90714174830747
27.551847451595464
